1
0 0 0
0 0 0
0 0 0
0 0 0
1.25 0 0
2.5 0 0
1.25 0 0
0 0 0
0 0 0
0 0 0
0 0 0
0 0 0
0 0 0
0 0 0
0 0 0
-1.25 0 0
-2.5 0 0
-1.25 0 0
0 0 0
0 0 0
0 0 0
0 0 0
0 0 0
0 0 0
0 0 0
0 0 0
0 -1.25 0
0 -2.5 0
0 -1.25 0
0 0 0
0 0 0
0 0 0
0 0 0
0 0 0
0 0 0
0 0 0
0 0 0
0 1.25 0
0 2.5 0
0 1.25 0
0 0 0
0 0 0
0 0 0
0 0 0
90 0 0 90 0 0 90 0 0 90 0 0 90 0 0 90 0 0 90 0 0 90 0 0 90 0 0
90 0 0 90 0 0 90 0 0 60 0 0 60 0 0 90 0 0 90 0 0 60 0 0 90 0 0
90 0 0 90 0 0 90 0 0 30 -25 0 30 -25 0 90 0 0 90 0 0 30 -25 0 90 0 0
90 0 0 90 0 0 90 0 0 30 -25 -15 30 -25 -15 90 0 0 90 0 0 30 -25 -15 90 0 0
90 0 0 90 0 0 90 0 0 10 -25 -15 10 -25 -15 90 0 0 90 0 0 10 -25 -15 90 0 0
90 0 0 90 0 0 90 0 0 10 -25 25 10 -25 25 90 0 0 90 0 0 10 -25 25 90 0 0
90 0 0 90 0 0 90 0 0 10 -25 -15 10 -25 -15 90 0 0 90 0 0 10 -25 -15 90 0 0
90 0 0 90 0 0 90 0 0 30 -25 -15 30 -25 -15 90 0 0 90 0 0 30 -25 -15 90 0 0
90 0 0 90 0 0 90 0 0 30 -25 0 30 -25 0 90 0 0 90 0 0 30 -25 0 90 0 0
90 0 0 90 0 0 90 0 0 60 0 0 60 0 0 90 0 0 90 0 0 60 0 0 90 0 0
90 0 0 90 0 0 90 0 0 90 0 0 90 0 0 90 0 0 90 0 0 90 0 0 90 0 0
90 0 0 90 0 0 90 0 0 90 0 0 90 0 0 90 0 0 90 0 0 90 0 0 90 0 0
90 0 0 60 0 0 90 0 0 90 0 0 90 0 0 90 0 0 60 0 0 90 0 0 60 0 0
90 0 0 30 -25 0 90 0 0 90 0 0 90 0 0 90 0 0 30 -25 0 90 0 0 30 -25 0
90 0 0 30 -25 -15 90 0 0 90 0 0 90 0 0 90 0 0 30 -25 -15 90 0 0 30 -25 -15
90 0 0 10 -25 -15 90 0 0 90 0 0 90 0 0 90 0 0 10 -25 -15 90 0 0 10 -25 -15
90 0 0 10 -25 25 90 0 0 90 0 0 90 0 0 90 0 0 10 -25 25 90 0 0 10 -25 25
90 0 0 10 -25 25 90 0 0 90 0 0 90 0 0 90 0 0 10 -25 25 90 0 0 10 -25 25
90 0 0 10 -25 -15 90 0 0 90 0 0 90 0 0 90 0 0 10 -25 -15 90 0 0 10 -25 -15
90 0 0 30 -25 -15 90 0 0 90 0 0 90 0 0 90 0 0 30 -25 -15 90 0 0 30 -25 -15
90 0 0 30 -25 0 90 0 0 90 0 0 90 0 0 90 0 0 30 -25 0 90 0 0 30 -25 0
90 0 0 60 0 0 90 0 0 90 0 0 90 0 0 90 0 0 60 0 0 90 0 0 60 0 0
90 0 0 90 0 0 90 0 0 90 0 0 90 0 0 90 0 0 90 0 0 90 0 0 90 0 0
90 0 0 90 0 0 90 0 0 90 0 0 90 0 0 90 0 0 90 0 0 90 0 0 90 0 0
90 0 0 60 0 0 60 0 0 60 0 0 90 0 0 90 0 0 90 0 0 90 0 0 90 0 0
90 0 0 30 -25 0 30 -25 0 30 -25 0 90 0 0 90 0 0 90 0 0 90 0 0 90 0 0
90 0 0 30 -25 -15 30 -25 -15 30 -25 -15 90 0 0 90 0 0 90 0 0 90 0 0 90 0 0
90 0 0 10 -25 -15 10 -25 -15 10 -25 -15 90 0 0 90 0 0 90 0 0 90 0 0 90 0 0
90 0 0 10 -25 25 10 -25 25 10 -25 25 90 0 0 90 0 0 90 0 0 90 0 0 90 0 0
90 0 0 10 -25 -15 10 -25 -15 10 -25 -15 90 0 0 90 0 0 90 0 0 90 0 0 90 0 0
90 0 0 30 -25 -15 30 -25 -15 30 -25 -15 90 0 0 90 0 0 90 0 0 90 0 0 90 0 0
90 0 0 30 -25 0 30 -25 0 30 -25 0 90 0 0 90 0 0 90 0 0 90 0 0 90 0 0
90 0 0 60 0 0 60 0 0 60 0 0 90 0 0 90 0 0 90 0 0 90 0 0 90 0 0
90 0 0 90 0 0 90 0 0 90 0 0 90 0 0 90 0 0 90 0 0 90 0 0 90 0 0
90 0 0 90 0 0 90 0 0 90 0 0 90 0 0 90 0 0 90 0 0 90 0 0 90 0 0
90 0 0 90 0 0 90 0 0 90 0 0 60 0 0 60 0 0 60 0 0 90 0 0 90 0 0
90 0 0 90 0 0 90 0 0 90 0 0 30 -25 -15 30 -25 -15 30 -25 -15 90 0 0 90 0 0
90 0 0 90 0 0 90 0 0 90 0 0 30 -25 -15 30 -25 -15 30 -25 -15 90 0 0 90 0 0
90 0 0 90 0 0 90 0 0 90 0 0 10 -25 -15 10 -25 -15 10 -25 -15 90 0 0 90 0 0
90 0 0 90 0 0 90 0 0 90 0 0 10 -25 25 10 -25 25 10 -25 25 90 0 0 90 0 0
90 0 0 90 0 0 90 0 0 90 0 0 10 -25 -15 10 -25 -15 10 -25 -15 90 0 0 90 0 0
90 0 0 90 0 0 90 0 0 90 0 0 30 -25 -15 30 -25 -15 30 -25 -15 90 0 0 90 0 0
90 0 0 90 0 0 90 0 0 90 0 0 30 -25 -15 30 -25 -15 30 -25 -15 90 0 0 90 0 0
90 0 0 90 0 0 90 0 0 90 0 0 60 0 0 60 0 0 60 0 0 90 0 0 90 0 0
90 0 0 90 0 0 90 0 0 90 0 0 90 0 0 90 0 0 90 0 0 90 0 0 90 0 0