1
0 0 0
0 0 -0.5
0 0 -1
0 0 -1
0 0 -0.5
0 0 0
90 0 0 90 0 0 90 0 0 90 0 0 90 0 0 90 0 0 90 0 0 90 0 0 90 0 0
90 0 0 50 0 0 50 0 0 50 0 0 50 0 0 50 0 0 50 0 0 50 0 0 50 0 0
90 0 0 30 0 -25 30 0 -25 30 0 -25 30 0 -25 30 0 -25 30 0 -25 30 0 -25 30 0 -25
90 0 0 10 -25 -25 10 -25 -25 10 -25 -25 10 -25 -25 10 -25 -25 10 -25 -25 10 -25 -25 10 -25 -25
90 0 0 30 0 -25 30 0 -25 30 0 -25 30 0 -25 30 0 -25 30 0 -25 30 0 -25 30 0 -25
90 0 0 50 0 0 50 0 0 50 0 0 50 0 0 50 0 0 50 0 0 50 0 0 50 0 0
90 0 0 90 0 0 90 0 0 90 0 0 90 0 0 90 0 0 90 0 0 90 0 0 90 0 0